Entity,Code,Year,Underweight (%),Healthy (%),Overweight or Obese (%)
Afghanistan,AFG,1975,30.2,62.7,7.1
Afghanistan,AFG,1976,30,62.7,7.3
Afghanistan,AFG,1977,29.8,62.7,7.4
Afghanistan,AFG,1978,29.6,62.8,7.6
Afghanistan,AFG,1979,29.4,62.8,7.8
Afghanistan,AFG,1980,29.2,62.8,8.1
Afghanistan,AFG,1981,29,62.8,8.3
Afghanistan,AFG,1982,28.7,62.8,8.5
Afghanistan,AFG,1983,28.4,62.8,8.8
Afghanistan,AFG,1984,28.2,62.8,9.1
Afghanistan,AFG,1985,27.9,62.8,9.3
Afghanistan,AFG,1986,27.6,62.7,9.6
Afghanistan,AFG,1987,27.3,62.7,10
Afghanistan,AFG,1988,27.1,62.7,10.3
Afghanistan,AFG,1989,26.8,62.6,10.6
Afghanistan,AFG,1990,26.5,62.6,10.9
Afghanistan,AFG,1991,26.3,62.6,11.1
Afghanistan,AFG,1992,26,62.6,11.3
Afghanistan,AFG,1993,25.8,62.7,11.5
Afghanistan,AFG,1994,25.6,62.7,11.7
Afghanistan,AFG,1995,25.4,62.8,11.9
Afghanistan,AFG,1996,25.1,62.8,12.1
Afghanistan,AFG,1997,24.9,62.8,12.3
Afghanistan,AFG,1998,24.6,62.8,12.6
Afghanistan,AFG,1999,24.4,62.8,12.8
Afghanistan,AFG,2000,24.1,62.8,13.1
Afghanistan,AFG,2001,23.9,62.8,13.3
Afghanistan,AFG,2002,23.7,62.7,13.7
Afghanistan,AFG,2003,23.4,62.6,14.1
Afghanistan,AFG,2004,23.1,62.4,14.5
Afghanistan,AFG,2005,22.8,62.3,14.9
Afghanistan,AFG,2006,22.5,62.1,15.3
Afghanistan,AFG,2007,22.2,61.9,15.8
Afghanistan,AFG,2008,21.9,61.7,16.4
Afghanistan,AFG,2009,21.5,61.5,17
Afghanistan,AFG,2010,21.2,61.2,17.6
Afghanistan,AFG,2011,20.8,61,18.2
Afghanistan,AFG,2012,20.4,60.7,18.9
Afghanistan,AFG,2013,20.1,60.4,19.5
Afghanistan,AFG,2014,19.7,60.1,20.2
Albania,ALB,1975,5.1,60.5,34.4
Albania,ALB,1976,5,60.3,34.7
Albania,ALB,1977,4.9,60,35.1
Albania,ALB,1978,4.8,59.7,35.4
Albania,ALB,1979,4.7,59.4,35.8
Albania,ALB,1980,4.7,59.3,36
Albania,ALB,1981,4.6,59.2,36.2
Albania,ALB,1982,4.5,59,36.5
Albania,ALB,1983,4.5,58.8,36.7
Albania,ALB,1984,4.4,58.7,36.9
Albania,ALB,1985,4.3,58.5,37.1
Albania,ALB,1986,4.3,58.3,37.4
Albania,ALB,1987,4.2,58.2,37.6
Albania,ALB,1988,4.2,58,37.8
Albania,ALB,1989,4.2,57.8,38
Albania,ALB,1990,4.1,57.7,38.2
Albania,ALB,1991,4.1,57.8,38.1
Albania,ALB,1992,4.1,57.9,38
Albania,ALB,1993,4,57.9,38
Albania,ALB,1994,4,57.8,38.1
Albania,ALB,1995,4,57.7,38.3
Albania,ALB,1996,3.9,57.5,38.6
Albania,ALB,1997,3.8,57.4,38.8
Albania,ALB,1998,3.8,57.2,39.1
Albania,ALB,1999,3.7,56.8,39.5
Albania,ALB,2000,3.6,56.5,39.9
Albania,ALB,2001,3.5,56.1,40.4
Albania,ALB,2002,3.5,55.7,40.8
Albania,ALB,2003,3.4,55.3,41.3
Albania,ALB,2004,3.3,55,41.7
Albania,ALB,2005,3.2,54.6,42.2
Albania,ALB,2006,3.2,54.3,42.6
Albania,ALB,2007,3.1,53.9,43
Albania,ALB,2008,3,53.6,43.4
Albania,ALB,2009,3,53.3,43.8
Albania,ALB,2010,2.9,52.9,44.2
Albania,ALB,2011,2.8,52.6,44.5
Albania,ALB,2012,2.8,52.4,44.9
Albania,ALB,2013,2.8,52.1,45.1
Albania,ALB,2014,2.7,51.9,45.4
Algeria,DZA,1975,11,53.4,35.6
Algeria,DZA,1976,10.8,52.9,36.3
Algeria,DZA,1977,10.6,52.5,36.9
Algeria,DZA,1978,10.3,52,37.7
Algeria,DZA,1979,10.1,51.4,38.5
Algeria,DZA,1980,9.9,50.9,39.2
Algeria,DZA,1981,9.6,50.4,40
Algeria,DZA,1982,9.3,49.9,40.8
Algeria,DZA,1983,9.1,49.4,41.5
Algeria,DZA,1984,8.8,48.8,42.3
Algeria,DZA,1985,8.6,48.3,43.1
Algeria,DZA,1986,8.3,47.8,43.9
Algeria,DZA,1987,8.1,47.3,44.6
Algeria,DZA,1988,7.9,46.9,45.2
Algeria,DZA,1989,7.7,46.4,45.9
Algeria,DZA,1990,7.5,45.9,46.6
Algeria,DZA,1991,7.4,45.4,47.2
Algeria,DZA,1992,7.2,45,47.8
Algeria,DZA,1993,7,44.5,48.4
Algeria,DZA,1994,6.9,44.1,49
Algeria,DZA,1995,6.7,43.6,49.6
Algeria,DZA,1996,6.6,43.1,50.3
Algeria,DZA,1997,6.4,42.7,50.9
Algeria,DZA,1998,6.3,42.2,51.5
Algeria,DZA,1999,6.2,41.7,52.2
Algeria,DZA,2000,6,41.2,52.8
Algeria,DZA,2001,5.9,40.7,53.5
Algeria,DZA,2002,5.7,40.1,54.1
Algeria,DZA,2003,5.6,39.6,54.8
Algeria,DZA,2004,5.4,39.1,55.5
Algeria,DZA,2005,5.3,38.5,56.2
Algeria,DZA,2006,5.1,38,56.8
Algeria,DZA,2007,5,37.5,57.5
Algeria,DZA,2008,4.8,37.1,58.1
Algeria,DZA,2009,4.7,36.6,58.7
Algeria,DZA,2010,4.6,36.2,59.2
Algeria,DZA,2011,4.5,35.8,59.8
Algeria,DZA,2012,4.4,35.3,60.3
Algeria,DZA,2013,4.2,34.9,60.8
Algeria,DZA,2014,4.1,34.5,61.3
American Samoa,ASM,1975,1.1,24.4,74.5
American Samoa,ASM,1976,1.1,24,75
American Samoa,ASM,1977,1,23.6,75.4
American Samoa,ASM,1978,1,23.2,75.8
American Samoa,ASM,1979,1,22.9,76.2
American Samoa,ASM,1980,0.9,22.6,76.4
American Samoa,ASM,1981,0.9,22.4,76.7
American Samoa,ASM,1982,0.9,22.2,77
American Samoa,ASM,1983,0.9,21.9,77.2
American Samoa,ASM,1984,0.8,21.7,77.5
American Samoa,ASM,1985,0.8,21.4,77.8
American Samoa,ASM,1986,0.8,21.1,78.1
American Samoa,ASM,1987,0.8,20.8,78.4
American Samoa,ASM,1988,0.7,20.5,78.7
American Samoa,ASM,1989,0.7,20.2,79.1
American Samoa,ASM,1990,0.7,19.9,79.4
American Samoa,ASM,1991,0.7,19.6,79.7
American Samoa,ASM,1992,0.7,19.4,80
American Samoa,ASM,1993,0.6,19.1,80.2
American Samoa,ASM,1994,0.6,18.9,80.5
American Samoa,ASM,1995,0.6,18.6,80.8
American Samoa,ASM,1996,0.6,18.4,81
American Samoa,ASM,1997,0.6,18.2,81.2
American Samoa,ASM,1998,0.6,18,81.4
American Samoa,ASM,1999,0.6,17.8,81.6
American Samoa,ASM,2000,0.6,17.6,81.9
American Samoa,ASM,2001,0.5,17.4,82.1
American Samoa,ASM,2002,0.5,17.2,82.3
American Samoa,ASM,2003,0.5,17,82.5
American Samoa,ASM,2004,0.5,16.8,82.6
American Samoa,ASM,2005,0.5,16.7,82.8
American Samoa,ASM,2006,0.5,16.5,83
American Samoa,ASM,2007,0.5,16.4,83.1
American Samoa,ASM,2008,0.5,16.3,83.2
American Samoa,ASM,2009,0.5,16.2,83.4
American Samoa,ASM,2010,0.5,16,83.5
American Samoa,ASM,2011,0.5,15.9,83.6
American Samoa,ASM,2012,0.5,15.8,83.7
American Samoa,ASM,2013,0.5,15.7,83.9
American Samoa,ASM,2014,0.5,15.6,84
Andorra,AND,1975,3.1,51.6,45.4
Andorra,AND,1976,2.9,51.1,46
Andorra,AND,1977,2.8,50.6,46.6
Andorra,AND,1978,2.7,50.1,47.1
Andorra,AND,1979,2.7,49.7,47.6
Andorra,AND,1980,2.6,49.3,48.1
Andorra,AND,1981,2.5,49,48.5
Andorra,AND,1982,2.5,48.7,48.9
Andorra,AND,1983,2.4,48.4,49.2
Andorra,AND,1984,2.4,48.2,49.5
Andorra,AND,1985,2.3,48,49.7
Andorra,AND,1986,2.3,47.7,50
Andorra,AND,1987,2.2,47.5,50.3
Andorra,AND,1988,2.2,47.2,50.6
Andorra,AND,1989,2.2,46.9,50.9
Andorra,AND,1990,2.1,46.6,51.2
Andorra,AND,1991,2.1,46.4,51.5
Andorra,AND,1992,2.1,46.1,51.8
Andorra,AND,1993,2,46,52
Andorra,AND,1994,2,45.8,52.2
Andorra,AND,1995,2,45.6,52.4
Andorra,AND,1996,2,45.3,52.7
Andorra,AND,1997,1.9,44.9,53.2
Andorra,AND,1998,1.9,44.5,53.6
Andorra,AND,1999,1.9,44.1,54
Andorra,AND,2000,1.8,43.7,54.4
Andorra,AND,2001,1.8,43.3,54.9
Andorra,AND,2002,1.8,42.9,55.3
Andorra,AND,2003,1.7,42.6,55.7
Andorra,AND,2004,1.7,42.2,56
Andorra,AND,2005,1.7,41.9,56.4
Andorra,AND,2006,1.7,41.6,56.7
Andorra,AND,2007,1.6,41.4,57
Andorra,AND,2008,1.6,41.1,57.2
Andorra,AND,2009,1.6,41,57.4
Andorra,AND,2010,1.6,40.8,57.5
Andorra,AND,2011,1.6,40.7,57.7
Andorra,AND,2012,1.6,40.7,57.7
Andorra,AND,2013,1.6,40.6,57.8
Andorra,AND,2014,1.6,40.4,58
Angola,AGO,1975,18.1,69,12.9
Angola,AGO,1976,18,68.9,13.1
Angola,AGO,1977,17.8,68.7,13.5
Angola,AGO,1978,17.7,68.5,13.8
Angola,AGO,1979,17.6,68.3,14.1
Angola,AGO,1980,17.4,68.1,14.5
Angola,AGO,1981,17.3,67.9,14.8
Angola,AGO,1982,17.2,67.7,15.1
Angola,AGO,1983,17,67.4,15.5
Angola,AGO,1984,16.9,67.2,15.9
Angola,AGO,1985,16.8,66.9,16.4
Angola,AGO,1986,16.6,66.6,16.8
Angola,AGO,1987,16.5,66.2,17.3
Angola,AGO,1988,16.3,65.9,17.9
Angola,AGO,1989,16.1,65.5,18.4
Angola,AGO,1990,16,65.1,18.9
Angola,AGO,1991,15.8,64.8,19.4
Angola,AGO,1992,15.7,64.5,19.8
Angola,AGO,1993,15.6,64.3,20.1
Angola,AGO,1994,15.6,64.1,20.4
Angola,AGO,1995,15.5,63.8,20.7
Angola,AGO,1996,15.4,63.5,21.1
Angola,AGO,1997,15.3,63.2,21.5
Angola,AGO,1998,15.2,62.9,21.9
Angola,AGO,1999,15.1,62.4,22.5
Angola,AGO,2000,15,62,23
Angola,AGO,2001,14.9,61.6,23.6
Angola,AGO,2002,14.7,61.1,24.2
Angola,AGO,2003,14.5,60.5,24.9
Angola,AGO,2004,14.3,60,25.7
Angola,AGO,2005,14.1,59.4,26.5
Angola,AGO,2006,13.9,58.7,27.4
Angola,AGO,2007,13.6,58.1,28.3
Angola,AGO,2008,13.3,57.3,29.3
Angola,AGO,2009,13,56.7,30.3
Angola,AGO,2010,12.8,56,31.2
Angola,AGO,2011,12.5,55.4,32.1
Angola,AGO,2012,12.2,54.8,33
Angola,AGO,2013,12,54.2,33.8
Angola,AGO,2014,11.7,53.6,34.6
Antigua and Barbuda,ATG,1975,8.4,54.7,36.9
Antigua and Barbuda,ATG,1976,8.2,54.3,37.5
Antigua and Barbuda,ATG,1977,8,53.9,38.1
Antigua and Barbuda,ATG,1978,7.8,53.4,38.8
Antigua and Barbuda,ATG,1979,7.6,52.8,39.6
Antigua and Barbuda,ATG,1980,7.5,52.2,40.3
Antigua and Barbuda,ATG,1981,7.3,51.6,41.1
Antigua and Barbuda,ATG,1982,7.1,51,41.9
Antigua and Barbuda,ATG,1983,6.9,50.4,42.7
Antigua and Barbuda,ATG,1984,6.7,49.8,43.5
Antigua and Barbuda,ATG,1985,6.4,49.1,44.4
Antigua and Barbuda,ATG,1986,6.2,48.4,45.4
Antigua and Barbuda,ATG,1987,6,47.7,46.4
Antigua and Barbuda,ATG,1988,5.7,46.9,47.3
Antigua and Barbuda,ATG,1989,5.5,46.2,48.3
Antigua and Barbuda,ATG,1990,5.3,45.4,49.3
Antigua and Barbuda,ATG,1991,5.1,44.8,50.1
Antigua and Barbuda,ATG,1992,4.9,44.1,51
Antigua and Barbuda,ATG,1993,4.8,43.5,51.7
Antigua and Barbuda,ATG,1994,4.6,43,52.5
Antigua and Barbuda,ATG,1995,4.5,42.5,53.1
Antigua and Barbuda,ATG,1996,4.3,42,53.7
Antigua and Barbuda,ATG,1997,4.2,41.5,54.3
Antigua and Barbuda,ATG,1998,4.1,41,54.9
Antigua and Barbuda,ATG,1999,4,40.5,55.5
Antigua and Barbuda,ATG,2000,3.9,39.9,56.2
Antigua and Barbuda,ATG,2001,3.8,39.4,56.8
Antigua and Barbuda,ATG,2002,3.7,38.9,57.4
Antigua and Barbuda,ATG,2003,3.6,38.3,58
Antigua and Barbuda,ATG,2004,3.5,37.8,58.7
Antigua and Barbuda,ATG,2005,3.4,37.1,59.5
Antigua and Barbuda,ATG,2006,3.3,36.4,60.4
Antigua and Barbuda,ATG,2007,3.1,35.6,61.2
Antigua and Barbuda,ATG,2008,3,34.9,62.1
Antigua and Barbuda,ATG,2009,2.9,34.4,62.8
Antigua and Barbuda,ATG,2010,2.8,33.8,63.4
Antigua and Barbuda,ATG,2011,2.7,33.3,64
Antigua and Barbuda,ATG,2012,2.6,32.8,64.6
Antigua and Barbuda,ATG,2013,2.5,32.3,65.2
Antigua and Barbuda,ATG,2014,2.4,31.8,65.8
Argentina,ARG,1975,3.5,54.2,42.3
Argentina,ARG,1976,3.4,53.9,42.8
Argentina,ARG,1977,3.3,53.5,43.2
Argentina,ARG,1978,3.2,53.2,43.6
Argentina,ARG,1979,3.1,52.8,44.1
Argentina,ARG,1980,3,52.4,44.5
Argentina,ARG,1981,3,52.1,44.9
Argentina,ARG,1982,2.9,51.9,45.3
Argentina,ARG,1983,2.8,51.5,45.6
Argentina,ARG,1984,2.8,51.2,46
Argentina,ARG,1985,2.7,50.9,46.3
Argentina,ARG,1986,2.7,50.6,46.7
Argentina,ARG,1987,2.6,50.3,47.1
Argentina,ARG,1988,2.6,49.9,47.5
Argentina,ARG,1989,2.5,49.6,47.9
Argentina,ARG,1990,2.5,49.3,48.2
Argentina,ARG,1991,2.4,48.9,48.6
Argentina,ARG,1992,2.4,48.5,49.1
Argentina,ARG,1993,2.3,48,49.6
Argentina,ARG,1994,2.3,47.5,50.2
Argentina,ARG,1995,2.2,47.1,50.7
Argentina,ARG,1996,2.2,46.7,51.2
Argentina,ARG,1997,2.1,46.2,51.7
Argentina,ARG,1998,2,45.8,52.2
Argentina,ARG,1999,2,45.4,52.6
Argentina,ARG,2000,1.9,45,53.1
Argentina,ARG,2001,1.9,44.7,53.4
Argentina,ARG,2002,1.8,44.5,53.7
Argentina,ARG,2003,1.8,44.2,54
Argentina,ARG,2004,1.7,43.8,54.4
Argentina,ARG,2005,1.7,43.4,54.9
Argentina,ARG,2006,1.6,43,55.4
Argentina,ARG,2007,1.6,42.5,55.9
Argentina,ARG,2008,1.5,42,56.5
Argentina,ARG,2009,1.5,41.5,57
Argentina,ARG,2010,1.4,41,57.5
Argentina,ARG,2011,1.4,40.5,58.1
Argentina,ARG,2012,1.4,40,58.7
Argentina,ARG,2013,1.3,39.5,59.2
Argentina,ARG,2014,1.3,39.1,59.6
Armenia,ARM,1975,6.8,57.9,35.3
Armenia,ARM,1976,6.6,57.6,35.8
Armenia,ARM,1977,6.5,57.2,36.3
Armenia,ARM,1978,6.3,56.9,36.8
Armenia,ARM,1979,6.2,56.5,37.3
Armenia,ARM,1980,6,56.2,37.8
Armenia,ARM,1981,5.9,55.8,38.3
Armenia,ARM,1982,5.7,55.5,38.8
Armenia,ARM,1983,5.6,55.1,39.3
Armenia,ARM,1984,5.5,54.8,39.7
Armenia,ARM,1985,5.4,54.4,40.2
Armenia,ARM,1986,5.3,54.1,40.6
Armenia,ARM,1987,5.2,53.8,41.1
Armenia,ARM,1988,5.1,53.4,41.5
Armenia,ARM,1989,5,53.1,41.9
Armenia,ARM,1990,4.9,52.8,42.3
Armenia,ARM,1991,4.8,52.6,42.6
Armenia,ARM,1992,4.8,52.7,42.5
Armenia,ARM,1993,4.8,52.8,42.4
Armenia,ARM,1994,4.8,52.8,42.4
Armenia,ARM,1995,4.8,52.7,42.5
Armenia,ARM,1996,4.7,52.6,42.7
Armenia,ARM,1997,4.7,52.4,42.9
Armenia,ARM,1998,4.6,52.1,43.3
Armenia,ARM,1999,4.5,51.8,43.7
Armenia,ARM,2000,4.5,51.4,44.1
Armenia,ARM,2001,4.4,51,44.7
Armenia,ARM,2002,4.3,50.4,45.3
Armenia,ARM,2003,4.2,49.8,46
Armenia,ARM,2004,4.1,49.2,46.7
Armenia,ARM,2005,4,48.5,47.5
Armenia,ARM,2006,3.8,47.9,48.3
Armenia,ARM,2007,3.7,47.2,49.1
Armenia,ARM,2008,3.6,46.5,49.9
Armenia,ARM,2009,3.4,46,50.6
Armenia,ARM,2010,3.3,45.6,51.1
Armenia,ARM,2011,3.2,45.1,51.7
Armenia,ARM,2012,3.1,44.7,52.2
Armenia,ARM,2013,3,44.3,52.7
Armenia,ARM,2014,2.9,43.9,53.2
Australia,AUS,1975,4.6,62,33.5
Australia,AUS,1976,4.4,61.6,34
Australia,AUS,1977,4.3,61.2,34.5
Australia,AUS,1978,4.1,60.8,35
Australia,AUS,1979,4,60.4,35.6
Australia,AUS,1980,3.9,60,36.1
Australia,AUS,1981,3.8,59.5,36.7
Australia,AUS,1982,3.7,59,37.3
Australia,AUS,1983,3.6,58.6,37.8
Australia,AUS,1984,3.5,58.1,38.4
Australia,AUS,1985,3.4,57.6,39
Australia,AUS,1986,3.3,57.1,39.6
Australia,AUS,1987,3.2,56.6,40.2
Australia,AUS,1988,3.1,56,40.8
Australia,AUS,1989,3.1,55.5,41.4
Australia,AUS,1990,3,55,42.1
Australia,AUS,1991,2.9,54.4,42.7
Australia,AUS,1992,2.8,53.9,43.3
Australia,AUS,1993,2.8,53.3,43.9
Australia,AUS,1994,2.7,52.7,44.6
Australia,AUS,1995,2.6,52.1,45.3
Australia,AUS,1996,2.6,51.4,46
Australia,AUS,1997,2.5,50.8,46.7
Australia,AUS,1998,2.5,50.1,47.4
Australia,AUS,1999,2.4,49.5,48.1
Australia,AUS,2000,2.4,48.8,48.8
Australia,AUS,2001,2.3,48.2,49.5
Australia,AUS,2002,2.3,47.5,50.2
Australia,AUS,2003,2.2,46.9,50.8
Australia,AUS,2004,2.2,46.3,51.5
Australia,AUS,2005,2.2,45.7,52.1
Australia,AUS,2006,2.1,45.1,52.7
Australia,AUS,2007,2.1,44.6,53.4
Australia,AUS,2008,2,44,54
Australia,AUS,2009,2,43.4,54.6
Australia,AUS,2010,2,42.8,55.2
Australia,AUS,2011,1.9,42.2,55.8
Australia,AUS,2012,1.9,41.7,56.4
Australia,AUS,2013,1.9,41.1,57
Australia,AUS,2014,1.8,40.6,57.6
Austria,AUT,1975,5.9,64.1,30
Austria,AUT,1976,5.7,63.8,30.4
Austria,AUT,1977,5.6,63.5,30.9
Austria,AUT,1978,5.5,63.3,31.3
Austria,AUT,1979,5.3,63,31.7
Austria,AUT,1980,5.2,62.7,32.1
Austria,AUT,1981,5.1,62.4,32.5
Austria,AUT,1982,5,62.1,32.9
Austria,AUT,1983,4.9,61.8,33.3
Austria,AUT,1984,4.7,61.6,33.7
Austria,AUT,1985,4.6,61.3,34.1
Austria,AUT,1986,4.5,61,34.4
Austria,AUT,1987,4.5,60.7,34.8
Austria,AUT,1988,4.4,60.4,35.2
Austria,AUT,1989,4.3,60.1,35.6
Austria,AUT,1990,4.2,59.8,36
Austria,AUT,1991,4.1,59.4,36.5
Austria,AUT,1992,4,59.1,36.9
Austria,AUT,1993,4,58.7,37.4
Austria,AUT,1994,3.9,58.3,37.8
Austria,AUT,1995,3.8,57.9,38.3
Austria,AUT,1996,3.7,57.5,38.8
Austria,AUT,1997,3.7,57,39.3
Austria,AUT,1998,3.6,56.6,39.8
Austria,AUT,1999,3.6,56.1,40.3
Austria,AUT,2000,3.5,55.7,40.8
Austria,AUT,2001,3.5,55.2,41.3
Austria,AUT,2002,3.4,54.8,41.8
Austria,AUT,2003,3.4,54.4,42.3
Austria,AUT,2004,3.3,53.9,42.8
Austria,AUT,2005,3.3,53.5,43.2
Austria,AUT,2006,3.2,53,43.7
Austria,AUT,2007,3.2,52.6,44.2
Austria,AUT,2008,3.1,52.2,44.7
Austria,AUT,2009,3.1,51.8,45.1
Austria,AUT,2010,3,51.4,45.5
Austria,AUT,2011,3,51.1,46
Austria,AUT,2012,2.9,50.7,46.4
Austria,AUT,2013,2.9,50.3,46.8
Austria,AUT,2014,2.9,49.9,47.3
Azerbaijan,AZE,1975,7.1,56.2,36.7
Azerbaijan,AZE,1976,6.9,55.9,37.2
Azerbaijan,AZE,1977,6.7,55.6,37.7
Azerbaijan,AZE,1978,6.5,55.3,38.3
Azerbaijan,AZE,1979,6.3,54.9,38.8
Azerbaijan,AZE,1980,6.1,54.5,39.4
Azerbaijan,AZE,1981,5.9,54.1,39.9
Azerbaijan,AZE,1982,5.8,53.8,40.5
Azerbaijan,AZE,1983,5.6,53.4,41
Azerbaijan,AZE,1984,5.5,53,41.6
Azerbaijan,AZE,1985,5.3,52.6,42.1
Azerbaijan,AZE,1986,5.2,52.2,42.6
Azerbaijan,AZE,1987,5,51.8,43.2
Azerbaijan,AZE,1988,4.9,51.4,43.7
Azerbaijan,AZE,1989,4.8,51.1,44.1
Azerbaijan,AZE,1990,4.7,50.9,44.4
Azerbaijan,AZE,1991,4.6,50.7,44.7
Azerbaijan,AZE,1992,4.6,50.7,44.8
Azerbaijan,AZE,1993,4.5,50.8,44.7
Azerbaijan,AZE,1994,4.5,51,44.5
Azerbaijan,AZE,1995,4.5,51.2,44.3
Azerbaijan,AZE,1996,4.4,51.4,44.2
Azerbaijan,AZE,1997,4.4,51.4,44.2
Azerbaijan,AZE,1998,4.4,51.3,44.3
Azerbaijan,AZE,1999,4.3,51.1,44.6
Azerbaijan,AZE,2000,4.2,50.7,45
Azerbaijan,AZE,2001,4.2,50.3,45.6
Azerbaijan,AZE,2002,4.1,49.7,46.2
Azerbaijan,AZE,2003,4,49,47
Azerbaijan,AZE,2004,3.8,48.3,47.8
Azerbaijan,AZE,2005,3.7,47.5,48.8
Azerbaijan,AZE,2006,3.6,46.5,49.9
Azerbaijan,AZE,2007,3.4,45.5,51.1
Azerbaijan,AZE,2008,3.3,44.5,52.2
Azerbaijan,AZE,2009,3.1,43.6,53.3
Azerbaijan,AZE,2010,3,42.8,54.2
Azerbaijan,AZE,2011,2.9,42,55
Azerbaijan,AZE,2012,2.8,41.4,55.8
Azerbaijan,AZE,2013,2.7,40.7,56.5
Azerbaijan,AZE,2014,2.7,40.2,57.2
Bahamas,BHS,1975,6,46.5,47.5
Bahamas,BHS,1976,5.9,46.3,47.8
Bahamas,BHS,1977,5.7,46,48.2
Bahamas,BHS,1978,5.6,45.6,48.8
Bahamas,BHS,1979,5.5,45,49.5
Bahamas,BHS,1980,5.3,44.4,50.3
Bahamas,BHS,1981,5.2,43.9,50.9
Bahamas,BHS,1982,5.1,43.3,51.6
Bahamas,BHS,1983,4.9,42.8,52.3
Bahamas,BHS,1984,4.8,42.2,53
Bahamas,BHS,1985,4.7,41.6,53.8
Bahamas,BHS,1986,4.5,41,54.5
Bahamas,BHS,1987,4.4,40.5,55.1
Bahamas,BHS,1988,4.3,40,55.7
Bahamas,BHS,1989,4.2,39.5,56.3
Bahamas,BHS,1990,4,39,56.9
Bahamas,BHS,1991,3.9,38.6,57.5
Bahamas,BHS,1992,3.9,38.2,57.9
Bahamas,BHS,1993,3.8,37.8,58.4
Bahamas,BHS,1994,3.7,37.5,58.8
Bahamas,BHS,1995,3.7,37,59.3
Bahamas,BHS,1996,3.6,36.6,59.8
Bahamas,BHS,1997,3.5,36.2,60.3
Bahamas,BHS,1998,3.5,35.7,60.8
Bahamas,BHS,1999,3.4,35.3,61.4
Bahamas,BHS,2000,3.3,34.8,61.9
Bahamas,BHS,2001,3.2,34.3,62.5
Bahamas,BHS,2002,3.1,33.9,63
Bahamas,BHS,2003,3,33.5,63.4
Bahamas,BHS,2004,3,33.2,63.8
Bahamas,BHS,2005,2.9,32.9,64.2
Bahamas,BHS,2006,2.8,32.6,64.6
Bahamas,BHS,2007,2.8,32.3,65
Bahamas,BHS,2008,2.7,32,65.3
Bahamas,BHS,2009,2.7,31.7,65.6
Bahamas,BHS,2010,2.6,31.5,65.9
Bahamas,BHS,2011,2.6,31.3,66.1
Bahamas,BHS,2012,2.6,31,66.4
Bahamas,BHS,2013,2.5,30.7,66.8
Bahamas,BHS,2014,2.5,30.5,67.1
Bahrain,BHR,1975,7.5,36.9,55.6
Bahrain,BHR,1976,7.4,36.8,55.9
Bahrain,BHR,1977,7.2,36.7,56.1
Bahrain,BHR,1978,7.1,36.6,56.3
Bahrain,BHR,1979,7,36.5,56.6
Bahrain,BHR,1980,6.8,36.4,56.8
Bahrain,BHR,1981,6.7,36.3,57
Bahrain,BHR,1982,6.6,36.2,57.2
Bahrain,BHR,1983,6.4,36.1,57.4
Bahrain,BHR,1984,6.3,36,57.7
Bahrain,BHR,1985,6.2,35.9,58
Bahrain,BHR,1986,6.1,35.7,58.2
Bahrain,BHR,1987,5.9,35.5,58.5
Bahrain,BHR,1988,5.8,35.2,58.9
Bahrain,BHR,1989,5.7,35,59.3
Bahrain,BHR,1990,5.6,34.7,59.7
Bahrain,BHR,1991,5.5,34.4,60.1
Bahrain,BHR,1992,5.4,34,60.6
Bahrain,BHR,1993,5.2,33.6,61.2
Bahrain,BHR,1994,5.1,33.2,61.6
Bahrain,BHR,1995,5,32.9,62.1
Bahrain,BHR,1996,4.9,32.5,62.6
Bahrain,BHR,1997,4.8,32.1,63.1
Bahrain,BHR,1998,4.7,31.8,63.5
Bahrain,BHR,1999,4.6,31.5,64
Bahrain,BHR,2000,4.5,31.1,64.4
Bahrain,BHR,2001,4.4,30.8,64.8
Bahrain,BHR,2002,4.3,30.5,65.2
Bahrain,BHR,2003,4.2,30.2,65.6
Bahrain,BHR,2004,4.1,29.9,66
Bahrain,BHR,2005,4,29.6,66.4
Bahrain,BHR,2006,3.9,29.4,66.7
Bahrain,BHR,2007,3.8,29.1,67.1
Bahrain,BHR,2008,3.8,28.8,67.4
Bahrain,BHR,2009,3.7,28.6,67.8
Bahrain,BHR,2010,3.6,28.3,68.1
Bahrain,BHR,2011,3.6,28.1,68.4
Bahrain,BHR,2012,3.5,27.8,68.7
Bahrain,BHR,2013,3.4,27.5,69.1
Bahrain,BHR,2014,3.4,27.2,69.4
Bangladesh,BGD,1975,37.3,56.7,6.1
Bangladesh,BGD,1976,37.1,56.7,6.2
Bangladesh,BGD,1977,37,56.6,6.4
Bangladesh,BGD,1978,36.8,56.6,6.6
Bangladesh,BGD,1979,36.7,56.6,6.8
Bangladesh,BGD,1980,36.5,56.5,7
Bangladesh,BGD,1981,36.4,56.4,7.2
Bangladesh,BGD,1982,36.2,56.4,7.4
Bangladesh,BGD,1983,36,56.3,7.6
Bangladesh,BGD,1984,35.9,56.2,7.9
Bangladesh,BGD,1985,35.7,56.2,8.1
Bangladesh,BGD,1986,35.5,56.1,8.4
Bangladesh,BGD,1987,35.3,56,8.6
Bangladesh,BGD,1988,35.2,55.9,8.9
Bangladesh,BGD,1989,35,55.9,9.2
Bangladesh,BGD,1990,34.8,55.8,9.4
Bangladesh,BGD,1991,34.6,55.7,9.7
Bangladesh,BGD,1992,34.4,55.6,10
Bangladesh,BGD,1993,34.2,55.5,10.3
Bangladesh,BGD,1994,33.9,55.5,10.6
Bangladesh,BGD,1995,33.7,55.4,10.9
Bangladesh,BGD,1996,33.5,55.3,11.2
Bangladesh,BGD,1997,33.2,55.3,11.5
Bangladesh,BGD,1998,32.9,55.2,11.9
Bangladesh,BGD,1999,32.6,55.1,12.3
Bangladesh,BGD,2000,32.2,55.1,12.7
Bangladesh,BGD,2001,31.9,55,13.1
Bangladesh,BGD,2002,31.6,54.9,13.5
Bangladesh,BGD,2003,31.2,54.8,14
Bangladesh,BGD,2004,30.8,54.7,14.5
Bangladesh,BGD,2005,30.5,54.6,15
Bangladesh,BGD,2006,30.1,54.4,15.5
Bangladesh,BGD,2007,29.6,54.3,16.1
Bangladesh,BGD,2008,29.2,54.1,16.6
Bangladesh,BGD,2009,28.8,54,17.2
Bangladesh,BGD,2010,28.3,53.9,17.8
Bangladesh,BGD,2011,27.8,53.7,18.5
Bangladesh,BGD,2012,27.4,53.5,19.1
Bangladesh,BGD,2013,26.9,53.3,19.7
Bangladesh,BGD,2014,26.5,53.2,20.4
Barbados,BRB,1975,9.4,56.5,34.1
Barbados,BRB,1976,9.2,56.1,34.7
Barbados,BRB,1977,8.9,55.7,35.4
Barbados,BRB,1978,8.7,55.3,36.1
Barbados,BRB,1979,8.4,54.7,36.8
Barbados,BRB,1980,8.2,54.2,37.7
Barbados,BRB,1981,7.9,53.6,38.4
Barbados,BRB,1982,7.7,53.2,39.1
Barbados,BRB,1983,7.5,52.7,39.8
Barbados,BRB,1984,7.3,52.2,40.5
Barbados,BRB,1985,7.2,51.7,41.2
Barbados,BRB,1986,7,51.2,41.9
Barbados,BRB,1987,6.8,50.6,42.5
Barbados,BRB,1988,6.7,50.1,43.2
Barbados,BRB,1989,6.5,49.6,43.9
Barbados,BRB,1990,6.3,49.1,44.6
Barbados,BRB,1991,6.2,48.6,45.2
Barbados,BRB,1992,6,48.1,45.8
Barbados,BRB,1993,5.9,47.7,46.5
Barbados,BRB,1994,5.7,47.1,47.1
Barbados,BRB,1995,5.6,46.6,47.9
Barbados,BRB,1996,5.4,46,48.6
Barbados,BRB,1997,5.3,45.3,49.4
Barbados,BRB,1998,5.1,44.6,50.3
Barbados,BRB,1999,4.9,43.9,51.1
Barbados,BRB,2000,4.8,43.2,52
Barbados,BRB,2001,4.6,42.5,52.9
Barbados,BRB,2002,4.4,41.8,53.8
Barbados,BRB,2003,4.3,41.1,54.6
Barbados,BRB,2004,4.1,40.4,55.5
Barbados,BRB,2005,4,39.7,56.3
Barbados,BRB,2006,3.8,39,57.2
Barbados,BRB,2007,3.7,38.3,58
Barbados,BRB,2008,3.5,37.7,58.8
Barbados,BRB,2009,3.4,37.1,59.5
Barbados,BRB,2010,3.3,36.5,60.2
Barbados,BRB,2011,3.2,36,60.9
Barbados,BRB,2012,3.1,35.4,61.5
Barbados,BRB,2013,3,34.8,62.2
Barbados,BRB,2014,2.9,34.3,62.8
Belarus,BLR,1975,3.7,56,40.4
Belarus,BLR,1976,3.6,55.5,40.9
Belarus,BLR,1977,3.5,55.1,41.4
Belarus,BLR,1978,3.4,54.7,41.9
Belarus,BLR,1979,3.3,54.3,42.4
Belarus,BLR,1980,3.2,53.9,42.9
Belarus,BLR,1981,3.2,53.4,43.4
Belarus,BLR,1982,3.1,53,43.8
Belarus,BLR,1983,3.1,52.6,44.3
Belarus,BLR,1984,3,52.3,44.7
Belarus,BLR,1985,3,51.9,45.1
Belarus,BLR,1986,2.9,51.5,45.6
Belarus,BLR,1987,2.9,51.2,45.9
Belarus,BLR,1988,2.9,50.8,46.3
Belarus,BLR,1989,2.8,50.4,46.7
Belarus,BLR,1990,2.8,50.1,47.1
Belarus,BLR,1991,2.8,49.8,47.4
Belarus,BLR,1992,2.8,49.6,47.6
Belarus,BLR,1993,2.8,49.5,47.8
Belarus,BLR,1994,2.8,49.5,47.7
Belarus,BLR,1995,2.8,49.5,47.6
Belarus,BLR,1996,2.8,49.6,47.6
Belarus,BLR,1997,2.8,49.6,47.6
Belarus,BLR,1998,2.8,49.5,47.6
Belarus,BLR,1999,2.8,49.4,47.8
Belarus,BLR,2000,2.8,49.2,48
Belarus,BLR,2001,2.8,49,48.2
Belarus,BLR,2002,2.8,48.7,48.6
Belarus,BLR,2003,2.8,48.3,48.9
Belarus,BLR,2004,2.7,47.9,49.4
Belarus,BLR,2005,2.7,47.4,49.9
Belarus,BLR,2006,2.6,46.9,50.4
Belarus,BLR,2007,2.6,46.5,50.9
Belarus,BLR,2008,2.5,46.1,51.4
Belarus,BLR,2009,2.5,45.7,51.8
Belarus,BLR,2010,2.4,45.4,52.1
Belarus,BLR,2011,2.4,45.2,52.4
Belarus,BLR,2012,2.4,45,52.7
Belarus,BLR,2013,2.3,44.8,52.9
Belarus,BLR,2014,2.3,44.6,53.1
Belgium,BEL,1975,3.3,59.4,37.3
Belgium,BEL,1976,3.2,59.1,37.7
Belgium,BEL,1977,3.1,58.8,38
Belgium,BEL,1978,3.1,58.5,38.4
Belgium,BEL,1979,3,58.3,38.7
Belgium,BEL,1980,3,58,39.1
Belgium,BEL,1981,2.9,57.7,39.4
Belgium,BEL,1982,2.8,57.4,39.8
Belgium,BEL,1983,2.8,57.1,40.1
Belgium,BEL,1984,2.7,56.8,40.4
Belgium,BEL,1985,2.7,56.5,40.8
Belgium,BEL,1986,2.6,56.2,41.1
Belgium,BEL,1987,2.6,55.9,41.5
Belgium,BEL,1988,2.5,55.6,41.8
Belgium,BEL,1989,2.5,55.3,42.2
Belgium,BEL,1990,2.4,54.9,42.6
Belgium,BEL,1991,2.4,54.6,43
Belgium,BEL,1992,2.4,54.2,43.4
Belgium,BEL,1993,2.3,53.9,43.8
Belgium,BEL,1994,2.3,53.5,44.2
Belgium,BEL,1995,2.2,53.1,44.7
Belgium,BEL,1996,2.2,52.7,45.1
Belgium,BEL,1997,2.1,52.3,45.5
Belgium,BEL,1998,2.1,51.9,46
Belgium,BEL,1999,2.1,51.5,46.4
Belgium,BEL,2000,2,51.2,46.8
Belgium,BEL,2001,2,50.8,47.2
Belgium,BEL,2002,2,50.5,47.5
Belgium,BEL,2003,2,50.2,47.8
Belgium,BEL,2004,2,49.9,48.1
Belgium,BEL,2005,1.9,49.6,48.4
Belgium,BEL,2006,1.9,49.4,48.7
Belgium,BEL,2007,1.9,49.1,49
Belgium,BEL,2008,1.9,48.8,49.3
Belgium,BEL,2009,1.9,48.6,49.5
Belgium,BEL,2010,1.9,48.4,49.7
Belgium,BEL,2011,1.9,48.2,49.9
Belgium,BEL,2012,1.9,48,50.1
Belgium,BEL,2013,1.9,47.8,50.3
Belgium,BEL,2014,1.9,47.6,50.5
Belize,BLZ,1975,8.6,59,32.5
Belize,BLZ,1976,8.4,58.6,33
Belize,BLZ,1977,8.2,58.2,33.6
Belize,BLZ,1978,8,57.8,34.2
Belize,BLZ,1979,7.8,57.4,34.8
Belize,BLZ,1980,7.7,56.9,35.5
Belize,BLZ,1981,7.5,56.4,36.1
Belize,BLZ,1982,7.3,56,36.7
Belize,BLZ,1983,7.1,55.6,37.3
Belize,BLZ,1984,7,55.2,37.8
Belize,BLZ,1985,6.8,54.9,38.3
Belize,BLZ,1986,6.7,54.5,38.8
Belize,BLZ,1987,6.6,54.1,39.3
Belize,BLZ,1988,6.4,53.6,40
Belize,BLZ,1989,6.3,53.1,40.6
Belize,BLZ,1990,6.2,52.5,41.4
Belize,BLZ,1991,6,51.8,42.2
Belize,BLZ,1992,5.8,51.1,43
Belize,BLZ,1993,5.7,50.4,43.9
Belize,BLZ,1994,5.5,49.8,44.7
Belize,BLZ,1995,5.4,49.1,45.5
Belize,BLZ,1996,5.2,48.5,46.3
Belize,BLZ,1997,5.1,48,47
Belize,BLZ,1998,4.9,47.4,47.7
Belize,BLZ,1999,4.8,46.8,48.4
Belize,BLZ,2000,4.6,46.1,49.2
Belize,BLZ,2001,4.5,45.5,50
Belize,BLZ,2002,4.3,44.8,50.9
Belize,BLZ,2003,4.2,44.1,51.7
Belize,BLZ,2004,4,43.5,52.5
Belize,BLZ,2005,3.9,42.8,53.3
Belize,BLZ,2006,3.7,42.2,54.1
Belize,BLZ,2007,3.6,41.6,54.8
Belize,BLZ,2008,3.5,41,55.5
Belize,BLZ,2009,3.4,40.5,56.1
Belize,BLZ,2010,3.3,40,56.7
Belize,BLZ,2011,3.2,39.5,57.3
Belize,BLZ,2012,3.2,39,57.9
Belize,BLZ,2013,3.1,38.5,58.5
Belize,BLZ,2014,3,38,59
Benin,BEN,1975,14.7,73.1,12.2
Benin,BEN,1976,14.5,72.9,12.6
Benin,BEN,1977,14.3,72.7,13
Benin,BEN,1978,14.2,72.5,13.4
Benin,BEN,1979,14,72.2,13.8
Benin,BEN,1980,13.8,71.9,14.2
Benin,BEN,1981,13.7,71.6,14.7
Benin,BEN,1982,13.5,71.3,15.1
Benin,BEN,1983,13.4,71,15.6
Benin,BEN,1984,13.2,70.7,16
Benin,BEN,1985,13.1,70.4,16.5
Benin,BEN,1986,13,70,17
Benin,BEN,1987,12.9,69.7,17.4
Benin,BEN,1988,12.8,69.3,17.9
Benin,BEN,1989,12.7,69,18.3
Benin,BEN,1990,12.6,68.6,18.8
Benin,BEN,1991,12.5,68.2,19.3
Benin,BEN,1992,12.4,67.8,19.8
Benin,BEN,1993,12.3,67.3,20.3
Benin,BEN,1994,12.3,66.9,20.9
Benin,BEN,1995,12.2,66.4,21.5
Benin,BEN,1996,12,65.9,22.1
Benin,BEN,1997,11.9,65.4,22.7
Benin,BEN,1998,11.8,64.9,23.3
Benin,BEN,1999,11.7,64.3,24
Benin,BEN,2000,11.5,63.8,24.6
Benin,BEN,2001,11.4,63.3,25.3
Benin,BEN,2002,11.3,62.7,26
Benin,BEN,2003,11.1,62.2,26.7
Benin,BEN,2004,11,61.6,27.4
Benin,BEN,2005,10.8,61.1,28.1
Benin,BEN,2006,10.7,60.5,28.8
Benin,BEN,2007,10.6,60,29.5
Benin,BEN,2008,10.4,59.3,30.2
Benin,BEN,2009,10.3,58.7,31
Benin,BEN,2010,10.1,58.1,31.8
Benin,BEN,2011,9.9,57.4,32.6
Benin,BEN,2012,9.8,56.8,33.4
Benin,BEN,2013,9.6,56.1,34.3
Benin,BEN,2014,9.5,55.4,35.2
Bermuda,BMU,1975,4.2,37.9,57.9
Bermuda,BMU,1976,4.1,37.7,58.2
Bermuda,BMU,1977,4.1,37.5,58.5
Bermuda,BMU,1978,4,37.2,58.8
Bermuda,BMU,1979,3.9,36.9,59.2
Bermuda,BMU,1980,3.8,36.6,59.6
Bermuda,BMU,1981,3.7,36.3,60
Bermuda,BMU,1982,3.7,36,60.4
Bermuda,BMU,1983,3.6,35.7,60.7
Bermuda,BMU,1984,3.5,35.4,61.1
Bermuda,BMU,1985,3.5,35.1,61.5
Bermuda,BMU,1986,3.4,34.8,61.8
Bermuda,BMU,1987,3.3,34.4,62.3
Bermuda,BMU,1988,3.2,34.1,62.7
Bermuda,BMU,1989,3.2,33.8,63
Bermuda,BMU,1990,3.1,33.5,63.4
Bermuda,BMU,1991,3.1,33.2,63.7
Bermuda,BMU,1992,3,32.9,64.1
Bermuda,BMU,1993,3,32.7,64.4
Bermuda,BMU,1994,2.9,32.4,64.7
Bermuda,BMU,1995,2.9,32.2,65
Bermuda,BMU,1996,2.8,31.9,65.3
Bermuda,BMU,1997,2.8,31.6,65.6
Bermuda,BMU,1998,2.7,31.4,65.9
Bermuda,BMU,1999,2.7,31.1,66.2
Bermuda,BMU,2000,2.7,30.9,66.5
Bermuda,BMU,2001,2.7,30.6,66.8
Bermuda,BMU,2002,2.6,30.3,67.1
Bermuda,BMU,2003,2.6,29.9,67.5
Bermuda,BMU,2004,2.6,29.6,67.8
Bermuda,BMU,2005,2.6,29.2,68.2
Bermuda,BMU,2006,2.5,28.9,68.6
Bermuda,BMU,2007,2.5,28.5,69
Bermuda,BMU,2008,2.5,28.2,69.3
Bermuda,BMU,2009,2.4,27.9,69.7
Bermuda,BMU,2010,2.4,27.5,70
Bermuda,BMU,2011,2.4,27.2,70.4
Bermuda,BMU,2012,2.3,26.9,70.8
Bermuda,BMU,2013,2.3,26.6,71.1
Bermuda,BMU,2014,2.3,26.3,71.5
Bhutan,BTN,1975,25.6,67.3,7.1
Bhutan,BTN,1976,25.4,67.3,7.3
Bhutan,BTN,1977,25.1,67.3,7.6
Bhutan,BTN,1978,24.9,67.3,7.8
Bhutan,BTN,1979,24.6,67.3,8.1
Bhutan,BTN,1980,24.4,67.2,8.4
Bhutan,BTN,1981,24.1,67.2,8.7
Bhutan,BTN,1982,23.9,67.1,9
Bhutan,BTN,1983,23.6,67,9.4
Bhutan,BTN,1984,23.3,66.9,9.8
Bhutan,BTN,1985,23,66.9,10.1
Bhutan,BTN,1986,22.7,66.8,10.5
Bhutan,BTN,1987,22.4,66.6,11
Bhutan,BTN,1988,22.1,66.5,11.5
Bhutan,BTN,1989,21.8,66.3,11.9
Bhutan,BTN,1990,21.4,66.1,12.4
Bhutan,BTN,1991,21.1,65.9,13
Bhutan,BTN,1992,20.8,65.8,13.5
Bhutan,BTN,1993,20.4,65.6,14
Bhutan,BTN,1994,20.1,65.4,14.5
Bhutan,BTN,1995,19.7,65.2,15.1
Bhutan,BTN,1996,19.3,65,15.7
Bhutan,BTN,1997,19,64.8,16.3
Bhutan,BTN,1998,18.6,64.6,16.8
Bhutan,BTN,1999,18.2,64.4,17.5
Bhutan,BTN,2000,17.8,64.1,18.1
Bhutan,BTN,2001,17.4,63.9,18.7
Bhutan,BTN,2002,17,63.6,19.4
Bhutan,BTN,2003,16.6,63.4,20.1
Bhutan,BTN,2004,16.2,63.1,20.8
Bhutan,BTN,2005,15.7,62.8,21.5
Bhutan,BTN,2006,15.3,62.5,22.2
Bhutan,BTN,2007,14.9,62.2,22.9
Bhutan,BTN,2008,14.5,61.8,23.7
Bhutan,BTN,2009,14.1,61.5,24.5
Bhutan,BTN,2010,13.6,61.1,25.3
Bhutan,BTN,2011,13.2,60.7,26.1
Bhutan,BTN,2012,12.8,60.3,26.9
Bhutan,BTN,2013,12.4,59.9,27.7
Bhutan,BTN,2014,12,59.6,28.5
Bolivia,BOL,1975,4.8,62.3,33
Bolivia,BOL,1976,4.6,61.8,33.6
Bolivia,BOL,1977,4.4,61.4,34.2
Bolivia,BOL,1978,4.3,60.9,34.8
Bolivia,BOL,1979,4.1,60.4,35.5
Bolivia,BOL,1980,4,60,36
Bolivia,BOL,1981,3.8,59.5,36.6
Bolivia,BOL,1982,3.7,59.1,37.2
Bolivia,BOL,1983,3.6,58.7,37.7
Bolivia,BOL,1984,3.5,58.3,38.2
Bolivia,BOL,1985,3.4,57.9,38.8
Bolivia,BOL,1986,3.3,57.4,39.3
Bolivia,BOL,1987,3.2,57,39.9
Bolivia,BOL,1988,3.1,56.4,40.5
Bolivia,BOL,1989,3,55.9,41.2
Bolivia,BOL,1990,2.9,55.3,41.8
Bolivia,BOL,1991,2.8,54.7,42.6
Bolivia,BOL,1992,2.7,54,43.3
Bolivia,BOL,1993,2.6,53.4,44
Bolivia,BOL,1994,2.5,52.7,44.8
Bolivia,BOL,1995,2.4,52.1,45.5
Bolivia,BOL,1996,2.3,51.4,46.2
Bolivia,BOL,1997,2.3,50.8,47
Bolivia,BOL,1998,2.2,50.1,47.7
Bolivia,BOL,1999,2.1,49.5,48.3
Bolivia,BOL,2000,2.1,48.9,49
Bolivia,BOL,2001,2,48.4,49.6
Bolivia,BOL,2002,2,47.8,50.2
Bolivia,BOL,2003,1.9,47.3,50.8
Bolivia,BOL,2004,1.9,46.8,51.4
Bolivia,BOL,2005,1.8,46.2,51.9
Bolivia,BOL,2006,1.8,45.7,52.5
Bolivia,BOL,2007,1.7,45.1,53.1
Bolivia,BOL,2008,1.7,44.6,53.7
Bolivia,BOL,2009,1.7,44,54.3
Bolivia,BOL,2010,1.6,43.5,54.9
Bolivia,BOL,2011,1.6,42.9,55.5
Bolivia,BOL,2012,1.6,42.3,56.1
Bolivia,BOL,2013,1.5,41.7,56.7
Bolivia,BOL,2014,1.5,41.2,57.3
Bosnia and Herzegovina,BIH,1975,6.4,65.7,27.9
Bosnia and Herzegovina,BIH,1976,6.2,65.4,28.4
Bosnia and Herzegovina,BIH,1977,6.1,65.1,28.8
Bosnia and Herzegovina,BIH,1978,6,64.8,29.2
Bosnia and Herzegovina,BIH,1979,5.9,64.5,29.6
Bosnia and Herzegovina,BIH,1980,5.8,64.2,30
Bosnia and Herzegovina,BIH,1981,5.7,64,30.3
Bosnia and Herzegovina,BIH,1982,5.6,63.8,30.7
Bosnia and Herzegovina,BIH,1983,5.5,63.6,30.9
Bosnia and Herzegovina,BIH,1984,5.4,63.4,31.2
Bosnia and Herzegovina,BIH,1985,5.4,63.1,31.5
Bosnia and Herzegovina,BIH,1986,5.3,62.9,31.8
Bosnia and Herzegovina,BIH,1987,5.2,62.7,32
Bosnia and Herzegovina,BIH,1988,5.2,62.5,32.3
Bosnia and Herzegovina,BIH,1989,5.2,62.3,32.6
Bosnia and Herzegovina,BIH,1990,5.1,62,32.9
Bosnia and Herzegovina,BIH,1991,5.1,61.7,33.2
Bosnia and Herzegovina,BIH,1992,5,61.4,33.6
Bosnia and Herzegovina,BIH,1993,5,61,34
Bosnia and Herzegovina,BIH,1994,4.9,60.6,34.5
Bosnia and Herzegovina,BIH,1995,4.8,60,35.2
Bosnia and Herzegovina,BIH,1996,4.7,59,36.3
Bosnia and Herzegovina,BIH,1997,4.5,57.9,37.5
Bosnia and Herzegovina,BIH,1998,4.4,56.9,38.7
Bosnia and Herzegovina,BIH,1999,4.3,55.9,39.8
Bosnia and Herzegovina,BIH,2000,4.1,55.1,40.8
Bosnia and Herzegovina,BIH,2001,4,54.4,41.6
Bosnia and Herzegovina,BIH,2002,3.9,53.8,42.3
Bosnia and Herzegovina,BIH,2003,3.8,53.4,42.8
Bosnia and Herzegovina,BIH,2004,3.7,53.1,43.2
Bosnia and Herzegovina,BIH,2005,3.6,52.9,43.5
Bosnia and Herzegovina,BIH,2006,3.5,52.8,43.6
Bosnia and Herzegovina,BIH,2007,3.5,52.8,43.8
Bosnia and Herzegovina,BIH,2008,3.4,52.8,43.9
Bosnia and Herzegovina,BIH,2009,3.3,52.8,43.9
Bosnia and Herzegovina,BIH,2010,3.3,52.8,44
Bosnia and Herzegovina,BIH,2011,3.2,52.7,44.1
Bosnia and Herzegovina,BIH,2012,3.1,52.7,44.1
Bosnia and Herzegovina,BIH,2013,3.1,52.8,44.1
Bosnia and Herzegovina,BIH,2014,3,52.8,44.1
Botswana,BWA,1975,15.1,67.6,17.3
Botswana,BWA,1976,14.9,67,18.1
Botswana,BWA,1977,14.6,66.4,19
Botswana,BWA,1978,14.4,65.8,19.8
Botswana,BWA,1979,14.1,65.2,20.7
Botswana,BWA,1980,13.9,64.6,21.6
Botswana,BWA,1981,13.6,63.9,22.5
Botswana,BWA,1982,13.3,63.1,23.6
Botswana,BWA,1983,13,62.4,24.6
Botswana,BWA,1984,12.7,61.5,25.8
Botswana,BWA,1985,12.4,60.7,26.9
Botswana,BWA,1986,12.1,59.8,28.1
Botswana,BWA,1987,11.7,58.8,29.4
Botswana,BWA,1988,11.4,57.8,30.8
Botswana,BWA,1989,11,56.6,32.3
Botswana,BWA,1990,10.7,55.5,33.8
Botswana,BWA,1991,10.4,54.5,35.1
Botswana,BWA,1992,10,53.6,36.4
Botswana,BWA,1993,9.8,52.7,37.5
Botswana,BWA,1994,9.5,51.9,38.6
Botswana,BWA,1995,9.3,51.1,39.6
Botswana,BWA,1996,9.1,50.4,40.5
Botswana,BWA,1997,8.9,49.6,41.5
Botswana,BWA,1998,8.7,49,42.3
Botswana,BWA,1999,8.5,48.2,43.2
Botswana,BWA,2000,8.4,47.5,44.1
Botswana,BWA,2001,8.2,46.9,44.9
Botswana,BWA,2002,8.1,46.2,45.7
Botswana,BWA,2003,7.9,45.6,46.5
Botswana,BWA,2004,7.8,45,47.3
Botswana,BWA,2005,7.6,44.3,48
Botswana,BWA,2006,7.5,43.7,48.8
Botswana,BWA,2007,7.3,43,49.7
Botswana,BWA,2008,7.2,42.3,50.5
Botswana,BWA,2009,7,41.7,51.3
Botswana,BWA,2010,6.9,41,52.1
Botswana,BWA,2011,6.7,40.3,53
Botswana,BWA,2012,6.6,39.6,53.8
Botswana,BWA,2013,6.5,38.9,54.6
Botswana,BWA,2014,6.3,38.2,55.4
Brazil,BRA,1975,10.2,59.7,30.2
Brazil,BRA,1976,9.9,59.1,31
Brazil,BRA,1977,9.6,58.6,31.8
Brazil,BRA,1978,9.3,58.1,32.6
Brazil,BRA,1979,9,57.6,33.4
Brazil,BRA,1980,8.8,57,34.2
Brazil,BRA,1981,8.5,56.5,34.9
Brazil,BRA,1982,8.3,56.1,35.6
Brazil,BRA,1983,8.1,55.7,36.2
Brazil,BRA,1984,7.8,55.3,36.8
Brazil,BRA,1985,7.6,54.9,37.5
Brazil,BRA,1986,7.4,54.5,38.1
Brazil,BRA,1987,7.2,54,38.7
Brazil,BRA,1988,7.1,53.6,39.4
Brazil,BRA,1989,6.9,53.2,40
Brazil,BRA,1990,6.7,52.8,40.5
Brazil,BRA,1991,6.5,52.4,41.1
Brazil,BRA,1992,6.4,52.1,41.6
Brazil,BRA,1993,6.2,51.7,42.1
Brazil,BRA,1994,6.1,51.4,42.6
Brazil,BRA,1995,5.9,51,43.1
Brazil,BRA,1996,5.8,50.7,43.6
Brazil,BRA,1997,5.6,50.3,44.1
Brazil,BRA,1998,5.5,50,44.6
Brazil,BRA,1999,5.3,49.6,45
Brazil,BRA,2000,5.2,49.3,45.5
Brazil,BRA,2001,5,49,46
Brazil,BRA,2002,4.9,48.6,46.5
Brazil,BRA,2003,4.8,48.3,47
Brazil,BRA,2004,4.6,47.9,47.5
Brazil,BRA,2005,4.5,47.5,48
Brazil,BRA,2006,4.4,47.1,48.5
Brazil,BRA,2007,4.2,46.7,49.1
Brazil,BRA,2008,4.1,46.2,49.7
Brazil,BRA,2009,4,45.8,50.3
Brazil,BRA,2010,3.8,45.3,50.8
Brazil,BRA,2011,3.7,44.9,51.4
Brazil,BRA,2012,3.6,44.5,52
Brazil,BRA,2013,3.5,44,52.5
Brazil,BRA,2014,3.4,43.6,53
Brunei,BRN,1975,16.3,56.5,27.2
Brunei,BRN,1976,15.9,56.3,27.8
Brunei,BRN,1977,15.6,56.1,28.3
Brunei,BRN,1978,15.2,56,28.8
Brunei,BRN,1979,14.9,55.7,29.4
Brunei,BRN,1980,14.6,55.6,29.8
Brunei,BRN,1981,14.3,55.6,30.1
Brunei,BRN,1982,14,55.5,30.4
Brunei,BRN,1983,13.7,55.5,30.8
Brunei,BRN,1984,13.4,55.4,31.1
Brunei,BRN,1985,13.1,55.4,31.5
Brunei,BRN,1986,12.8,55.3,31.9
Brunei,BRN,1987,12.6,55.2,32.3
Brunei,BRN,1988,12.3,55,32.7
Brunei,BRN,1989,12,54.9,33.1
Brunei,BRN,1990,11.7,54.7,33.6
Brunei,BRN,1991,11.4,54.5,34
Brunei,BRN,1992,11.2,54.3,34.5
Brunei,BRN,1993,11,54.1,35
Brunei,BRN,1994,10.7,53.8,35.5
Brunei,BRN,1995,10.4,53.5,36
Brunei,BRN,1996,10.2,53.2,36.6
Brunei,BRN,1997,9.9,52.9,37.1
Brunei,BRN,1998,9.7,52.6,37.7
Brunei,BRN,1999,9.4,52.4,38.2
Brunei,BRN,2000,9.2,52.1,38.7
Brunei,BRN,2001,9,51.8,39.2
Brunei,BRN,2002,8.8,51.5,39.7
Brunei,BRN,2003,8.6,51.2,40.2
Brunei,BRN,2004,8.4,50.9,40.7
Brunei,BRN,2005,8.2,50.6,41.2
Brunei,BRN,2006,8.1,50.3,41.6
Brunei,BRN,2007,7.9,50,42.1
Brunei,BRN,2008,7.8,49.8,42.4
Brunei,BRN,2009,7.6,49.6,42.7
Brunei,BRN,2010,7.5,49.5,43
Brunei,BRN,2011,7.4,49.3,43.3
Brunei,BRN,2012,7.3,49.2,43.6
Brunei,BRN,2013,7.2,49,43.8
Brunei,BRN,2014,7.1,48.8,44.1
Bulgaria,BGR,1975,3.3,54.6,42.2
Bulgaria,BGR,1976,3.2,54.2,42.6
Bulgaria,BGR,1977,3.1,53.9,43
Bulgaria,BGR,1978,3,53.6,43.4
Bulgaria,BGR,1979,2.9,53.3,43.7
Bulgaria,BGR,1980,2.9,53.1,44.1
Bulgaria,BGR,1981,2.8,52.8,44.4
Bulgaria,BGR,1982,2.8,52.6,44.7
Bulgaria,BGR,1983,2.7,52.4,44.9
Bulgaria,BGR,1984,2.7,52.2,45.2
Bulgaria,BGR,1985,2.6,52,45.4
Bulgaria,BGR,1986,2.6,51.9,45.6
Bulgaria,BGR,1987,2.5,51.7,45.8
Bulgaria,BGR,1988,2.5,51.5,46
Bulgaria,BGR,1989,2.5,51.3,46.2
Bulgaria,BGR,1990,2.5,51.2,46.3
Bulgaria,BGR,1991,2.4,51.2,46.4
Bulgaria,BGR,1992,2.4,51.2,46.4
Bulgaria,BGR,1993,2.5,51.2,46.3
Bulgaria,BGR,1994,2.5,51.2,46.3
Bulgaria,BGR,1995,2.5,51.2,46.4
Bulgaria,BGR,1996,2.5,51.2,46.3
Bulgaria,BGR,1997,2.5,51.2,46.3
Bulgaria,BGR,1998,2.5,51.1,46.4
Bulgaria,BGR,1999,2.6,50.9,46.5
Bulgaria,BGR,2000,2.6,50.8,46.7
Bulgaria,BGR,2001,2.6,50.6,46.9
Bulgaria,BGR,2002,2.6,50.3,47.1
Bulgaria,BGR,2003,2.6,50,47.4
Bulgaria,BGR,2004,2.6,49.7,47.8
Bulgaria,BGR,2005,2.5,49.4,48.1
Bulgaria,BGR,2006,2.5,49,48.4
Bulgaria,BGR,2007,2.5,48.7,48.7
Bulgaria,BGR,2008,2.5,48.5,49
Bulgaria,BGR,2009,2.5,48.3,49.2
Bulgaria,BGR,2010,2.5,48.1,49.4
Bulgaria,BGR,2011,2.5,48,49.5
Bulgaria,BGR,2012,2.5,47.8,49.6
Bulgaria,BGR,2013,2.5,47.7,49.7
Bulgaria,BGR,2014,2.6,47.7,49.8
Burkina Faso,BFA,1975,18.9,72.4,8.7
Burkina Faso,BFA,1976,18.8,72.3,8.9
Burkina Faso,BFA,1977,18.7,72.2,9.1
Burkina Faso,BFA,1978,18.6,72,9.4
Burkina Faso,BFA,1979,18.5,71.9,9.6
Burkina Faso,BFA,1980,18.4,71.7,9.9
Burkina Faso,BFA,1981,18.2,71.6,10.2
Burkina Faso,BFA,1982,18.1,71.4,10.5
Burkina Faso,BFA,1983,18,71.2,10.9
Burkina Faso,BFA,1984,17.8,71,11.2
Burkina Faso,BFA,1985,17.7,70.7,11.5
Burkina Faso,BFA,1986,17.6,70.5,11.9
Burkina Faso,BFA,1987,17.4,70.2,12.3
Burkina Faso,BFA,1988,17.3,70,12.7
Burkina Faso,BFA,1989,17.2,69.7,13.1
Burkina Faso,BFA,1990,17.1,69.4,13.5
Burkina Faso,BFA,1991,17,69.1,13.9
Burkina Faso,BFA,1992,16.9,68.8,14.3
Burkina Faso,BFA,1993,16.8,68.4,14.7
Burkina Faso,BFA,1994,16.7,68.1,15.1
Burkina Faso,BFA,1995,16.6,67.8,15.6
Burkina Faso,BFA,1996,16.5,67.4,16.1
Burkina Faso,BFA,1997,16.4,67,16.6
Burkina Faso,BFA,1998,16.3,66.5,17.2
Burkina Faso,BFA,1999,16.1,66.1,17.8
Burkina Faso,BFA,2000,16,65.6,18.4
Burkina Faso,BFA,2001,15.8,65.1,19.1
Burkina Faso,BFA,2002,15.7,64.6,19.7
Burkina Faso,BFA,2003,15.5,64.1,20.4
Burkina Faso,BFA,2004,15.4,63.5,21.1
Burkina Faso,BFA,2005,15.3,63,21.8
Burkina Faso,BFA,2006,15.1,62.4,22.4
Burkina Faso,BFA,2007,15,61.9,23.1
Burkina Faso,BFA,2008,14.9,61.4,23.7
Burkina Faso,BFA,2009,14.8,60.9,24.3
Burkina Faso,BFA,2010,14.6,60.4,25
Burkina Faso,BFA,2011,14.5,59.8,25.7
Burkina Faso,BFA,2012,14.4,59.3,26.4
Burkina Faso,BFA,2013,14.3,58.7,27.1
Burkina Faso,BFA,2014,14.1,58.1,27.8
Burundi,BDI,1975,17.1,75.2,7.6
Burundi,BDI,1976,17,75.1,7.8
Burundi,BDI,1977,16.9,75,8
Burundi,BDI,1978,16.8,74.9,8.3
Burundi,BDI,1979,16.7,74.8,8.5
Burundi,BDI,1980,16.6,74.6,8.7
Burundi,BDI,1981,16.5,74.5,9
Burundi,BDI,1982,16.4,74.3,9.3
Burundi,BDI,1983,16.3,74.1,9.5
Burundi,BDI,1984,16.2,74,9.8
Burundi,BDI,1985,16.1,73.7,10.1
Burundi,BDI,1986,16,73.5,10.5
Burundi,BDI,1987,15.9,73.3,10.8
Burundi,BDI,1988,15.8,73.1,11.1
Burundi,BDI,1989,15.7,72.8,11.5
Burundi,BDI,1990,15.6,72.6,11.9
Burundi,BDI,1991,15.5,72.3,12.2
Burundi,BDI,1992,15.4,72,12.6
Burundi,BDI,1993,15.3,71.8,13
Burundi,BDI,1994,15.2,71.5,13.3
Burundi,BDI,1995,15.1,71.3,13.6
Burundi,BDI,1996,15,71.1,13.9
Burundi,BDI,1997,14.9,70.8,14.3
Burundi,BDI,1998,14.8,70.5,14.6
Burundi,BDI,1999,14.8,70.2,15
Burundi,BDI,2000,14.7,69.9,15.4
Burundi,BDI,2001,14.6,69.6,15.8
Burundi,BDI,2002,14.5,69.2,16.3
Burundi,BDI,2003,14.4,68.9,16.8
Burundi,BDI,2004,14.2,68.5,17.3
Burundi,BDI,2005,14.1,68.1,17.8
Burundi,BDI,2006,14,67.7,18.3
Burundi,BDI,2007,13.8,67.2,18.9
Burundi,BDI,2008,13.7,66.8,19.5
Burundi,BDI,2009,13.6,66.3,20.1
Burundi,BDI,2010,13.4,65.8,20.7
Burundi,BDI,2011,13.3,65.3,21.4
Burundi,BDI,2012,13.2,64.8,22
Burundi,BDI,2013,13,64.3,22.7
Burundi,BDI,2014,12.9,63.7,23.4
Cabo Verde,,1975,14.9,73.8,11.3
Cabo Verde,,1976,14.8,73.6,11.6
Cabo Verde,,1977,14.7,73.4,12
Cabo Verde,,1978,14.5,73.1,12.4
Cabo Verde,,1979,14.4,72.8,12.8
Cabo Verde,,1980,14.2,72.5,13.3
Cabo Verde,,1981,14,72.2,13.8
Cabo Verde,,1982,13.8,71.8,14.4
Cabo Verde,,1983,13.6,71.3,15
Cabo Verde,,1984,13.4,70.9,15.7
Cabo Verde,,1985,13.2,70.4,16.4
Cabo Verde,,1986,13,69.9,17.1
Cabo Verde,,1987,12.7,69.4,17.8
Cabo Verde,,1988,12.5,69,18.5
Cabo Verde,,1989,12.3,68.5,19.2
Cabo Verde,,1990,12,68,19.9
Cabo Verde,,1991,11.8,67.6,20.6
Cabo Verde,,1992,11.6,67.1,21.3
Cabo Verde,,1993,11.4,66.6,22
Cabo Verde,,1994,11.2,66,22.8
Cabo Verde,,1995,11,65.4,23.6
Cabo Verde,,1996,10.8,64.8,24.5
Cabo Verde,,1997,10.5,64,25.4
Cabo Verde,,1998,10.3,63.3,26.4
Cabo Verde,,1999,10.1,62.5,27.4
Cabo Verde,,2000,9.8,61.7,28.5
Cabo Verde,,2001,9.6,60.9,29.5
Cabo Verde,,2002,9.4,60.1,30.5
Cabo Verde,,2003,9.2,59.3,31.4
Cabo Verde,,2004,9.1,58.6,32.4
Cabo Verde,,2005,8.9,57.8,33.3
Cabo Verde,,2006,8.7,57.1,34.2
Cabo Verde,,2007,8.6,56.3,35.1
Cabo Verde,,2008,8.4,55.6,36
Cabo Verde,,2009,8.2,54.9,36.9
Cabo Verde,,2010,8.1,54.2,37.7
Cabo Verde,,2011,7.9,53.6,38.5
Cabo Verde,,2012,7.8,53,39.2
Cabo Verde,,2013,7.7,52.4,40
